1 R CT 53 lseq 8 nseqs 75 ncells 1933
00000110 2
00000111 5
00001100 1
00001101 4
00001110 2
00001111 2
00010100 2
00010110 14
00010111 31
00011010 7
00011011 2
00011100 56
00011101 3
00011110 251
00011111 99
00110111 3
00111100 3
00111101 1
00111110 29
00111111 9
01001111 1
01010010 1
01010110 5
01010111 24
01011110 7
01011111 5
01110100 1
01111110 24
01111111 8
10000110 6
10000111 28
10001100 1
10001101 20
10001110 11
10001111 5
10010100 1
10010110 12
10010111 29
10011010 24
10011011 1
10011100 8
10011101 20
10011110 62
10011111 151
10110110 1
10111101 1
10111110 4
11000100 3
11000110 6
11000111 45
11001101 2
11001110 31
11001111 8
11010010 1
11010011 3
11010100 18
11010101 7
11010110 98
11010111 513
11011010 6
11011011 4
11011100 12
11011101 5
11011110 57
11011111 107
11110111 3
11111101 1
11111110 5
11111111 2
01001110 3
01110111 2
10000100 1
10000101 1
10101101 1
11000101 1
2 L CT 53 lseq 8 nseqs 114 ncells 2173
00000000 24
00000010 5
00000011 10
00000100 1
00000110 27
00000111 18
00001110 2
00001111 4
00010110 5
00010111 11
00011110 2
00011111 15
00100100 1
00100110 2
00110110 2
00111110 1
01000000 1
01000110 6
01000111 1
01001110 1
01001111 1
01010100 2
01010110 15
01010111 38
01011100 1
01011110 4
01011111 35
01100101 1
01100110 10
01100111 3
01101110 2
01101111 1
01110110 1
01110111 13
01111111 7
10000000 8
10000010 14
10000011 12
10000100 25
10000101 2
10000110 154
10000111 78
10001100 2
10001110 8
10001111 44
10010000 1
10010010 2
10010011 1
10010100 4
10010110 42
10010111 57
10011011 1
10011100 19
10011101 2
10011110 84
10011111 309
10100000 1
10100100 11
10100101 1
10100110 55
10100111 29
10101100 2
10101110 10
10101111 13
10110100 3
10110101 3
10110110 14
10110111 27
10111101 5
10111110 6
10111111 23
11000000 4
11000100 15
11000101 2
11000110 46
11000111 26
11001100 1
11001110 5
11001111 5
11010100 2
11010101 6
11010110 31
11010111 37
11011000 1
11011010 1
11011011 4
11011100 6
11011101 2
11011110 28
11011111 98
11100010 8
11100011 4
11100100 8
11100110 141
11100111 76
11101100 1
11101110 9
11101111 4
11110100 3
11110101 1
11110110 32
11110111 107
11111011 2
11111100 2
11111101 1
11111110 21
11111111 76
00010100 2
01111110 1
10010101 1
10110010 3
10110011 1
10111100 1
11100101 3
3 L CT 53 lseq 8 nseqs 57 ncells 1154
00000011 4
00000110 4
00000111 12
00001111 12
00010110 6
00010111 91
00011011 1
00011110 7
00011111 36
00100110 1
00110110 1
00110111 14
00111011 8
00111110 10
00111111 124
01000011 2
01000110 3
01000111 33
01001111 3
01010010 1
01010011 1
01010110 22
01010111 226
01011111 36
01100110 2
01110110 7
01110111 11
01111011 1
01111111 20
10000110 1
10000111 2
10001110 1
10001111 15
10010111 21
10011111 12
10100111 1
10110110 1
10110111 12
10111011 3
10111110 3
10111111 80
11000011 17
11000111 9
11010011 1
11010110 3
11010111 163
11011110 1
11011111 77
11110110 1
11110111 17
11111111 8
00100111 1
00101111 1
01010101 1
11011011 1
11101111 1
11111011 1
4 R CT 53 lseq 8 nseqs 62 ncells 4217
00000011 1
00000111 48
00001111 17
00010011 68
00010110 2
00010111 53
00011010 37
00011011 77
00011110 81
00011111 925
00110111 2
00111110 2
00111111 30
01010011 1
01010111 5
01011011 3
01011110 7
01011111 146
01110011 2
01110111 2
01111011 1
01111110 14
01111111 78
10000111 18
10001010 1
10001110 2
10001111 59
10010011 23
10010110 3
10010111 103
10011010 5
10011011 33
10011110 38
10011111 1101
10110011 1
10110111 2
10111011 4
10111110 6
10111111 106
11000111 2
11001111 3
11010111 6
11011010 2
11011011 1
11011110 9
11011111 259
11100110 3
11100111 4
11101111 1
11110011 31
11110111 12
11111011 13
11111110 25
11111111 730
00001011 1
00001110 1
00110011 2
01000111 1
10000110 1
10101111 1
11001110 1
11010011 1
5 R CT 53 lseq 8 nseqs 70 ncells 2241
00000000 5
00000011 5
00000100 1
00000111 8
00001111 3
00010111 4
00011101 3
00011111 17
00110111 1
01010110 1
01010111 18
01011111 9
10000000 2
10000011 2
10000101 3
10000111 1
10001101 1
10001110 4
10001111 19
10010010 1
10010011 4
10010101 8
10010110 7
10010111 108
10011001 3
10011010 1
10011011 22
10011100 1
10011101 28
10011110 30
10011111 549
10110111 5
10111101 1
10111110 2
10111111 23
11000000 3
11000100 1
11000111 3
11001100 2
11001110 5
11001111 64
11010001 1
11010010 3
11010011 13
11010101 19
11010110 36
11010111 472
11011001 1
11011010 2
11011011 21
11011100 1
11011101 26
11011110 40
11011111 553
11110011 2
11110110 4
11110111 21
11111110 2
11111111 32
00000101 1
00010000 1
00010101 1
01010101 2
01011001 1
11000011 2
11000101 1
11001101 2
11011000 1
11101011 1
11111011 1
6 R CT 53 lseq 8 nseqs 67 ncells 3673
00000101 1
00000111 17
00001001 3
00001011 14
00001101 10
00001110 19
00001111 131
00010111 1
00011010 2
00011011 56
00011101 47
00011110 78
00011111 691
00101111 2
00111101 1
00111110 2
00111111 18
01001011 1
01011111 4
01101011 5
01101101 1
01101111 14
01111001 1
01111010 2
01111011 1
01111101 7
01111110 2
01111111 169
10000011 1
10000101 21
10000110 1
10000111 78
10001010 2
10001011 120
10001101 81
10001110 89
10001111 755
10010110 1
10010111 1
10011011 18
10011101 23
10011110 29
10011111 281
10101110 1
10101111 11
10111011 3
10111101 1
10111110 7
10111111 110
11000111 2
11001101 1
11001111 20
11011011 1
11011101 3
11011111 26
11100110 1
11101101 3
11101110 3
11101111 62
11111011 35
11111101 18
11111110 22
11111111 538
00010101 1
10000100 1
10101101 1
11101011 1
7 L CT 53 lseq 8 nseqs 20 ncells 1789
00011110 1
00011111 15
01010111 2
01011111 2
10000000 1
10010110 3
10010111 32
10011101 12
10011110 52
10011111 362
10111111 1
11010101 2
11010110 3
11010111 91
11011011 3
11011101 34
11011110 112
11011111 1059
11011100 1
11110111 1
8 L CT 53 lseq 8 nseqs 37 ncells 2264
00010001 13
00010011 1
00010111 5
00011001 1
00011011 2
00011101 1
00011110 4
00011111 79
01010111 2
01011111 22
01111110 1
10010001 5
10010011 2
10010110 3
10010111 65
10011010 1
10011011 57
10011101 6
10011110 73
10011111 802
10111111 8
11010001 3
11010110 5
11010111 141
11011011 17
11011101 8
11011110 26
11011111 752
11110111 1
11111011 2
11111110 21
11111111 130
00000111 1
01010110 1
01111111 1
10011001 1
11111101 1
