1 R CX 44 lseq 8 nseqs 8 ncells 1342
00000000 945
00000001 213
00000100 166
00000101 14
00100000 1
01000000 1
10000001 1
00100001 1
2 R CX 44 lseq 8 nseqs 10 ncells 46
00000000 14
00000001 12
00000011 1
00000100 2
00010000 10
00010001 2
00010100 1
10000000 2
00100000 1
10010000 1
3 L CX 44 lseq 8 nseqs 35 ncells 1037
00000000 284
00000001 1
00000010 195
00000011 8
00000100 60
00000101 1
00000110 7
00000111 1
00001000 5
00001010 5
00001011 2
00001100 1
00001111 1
00010000 73
00010001 1
00010010 45
00010011 1
00010100 253
00010101 2
00010110 22
00011010 7
00011100 28
00011110 1
00100000 1
01000000 5
01000001 1
01000010 1
01000011 1
01010100 1
10000000 7
10000010 4
10000100 2
10011000 1
10011010 2
10011100 7
4 L CX 44 lseq 8 nseqs 50 ncells 1445
00000000 275
00000001 36
00000010 338
00000011 35
00000100 180
00000101 2
00000110 21
00000111 3
00001000 2
00010000 44
00010001 2
00010010 24
00010011 2
00010100 177
00010101 2
00010110 30
00010111 2
00011000 4
00011010 2
00011100 13
00011101 1
00100000 27
00100010 10
00100011 1
00100100 56
00100110 9
00100111 2
00110000 7
00110010 3
00110100 85
00110101 3
00110110 15
00110111 1
00111011 1
00111110 1
10000000 5
10000010 1
10000011 1
10011100 7
10011110 2
10100000 1
10100100 3
10100110 1
10110100 1
00011110 1
00100001 2
00101010 1
00111100 1
10010100 1
10100010 1
5 L CX 44 lseq 8 nseqs 21 ncells 1327
00000000 430
00000001 12
00000010 112
00000011 238
00000100 262
00000101 4
00000110 196
00000111 57
00001000 3
00001010 1
00001011 1
00010010 1
00010110 1
00011110 1
00100110 1
01000000 1
10000000 1
10000011 1
10000110 2
10000111 1
00010000 1
6 R CX 44 lseq 8 nseqs 21 ncells 843
00000000 502
00000001 123
00000010 38
00000011 8
00000100 14
00010000 100
00010001 7
00010010 8
00010011 2
00011111 1
00100001 1
00110000 1
01000000 10
01000001 4
01000010 1
10000000 4
10000001 3
10010000 12
10010010 1
00000110 2
10010001 1
