1 R Z 83 lseq 8 nseqs 17 ncells 747
00011001 2
00011011 32
00011101 93
00011111 109
00111111 6
01011111 8
01111011 1
01111111 4
10011101 10
10011110 1
10011111 161
11011011 1
11011101 10
11011111 88
11111101 6
11111110 1
11111111 214
2 R Z 83 lseq 8 nseqs 37 ncells 1263
00001011 1
00001110 28
00001111 15
00010110 5
00010111 132
00011011 3
00011111 40
00111110 1
00111111 2
01001111 5
01011011 1
01011111 1
01111111 1
10000111 3
10001110 2
10001111 20
10010111 26
10011011 5
10011101 3
10011110 12
10011111 373
10111111 1
11000111 29
11001011 1
11001101 2
11001110 12
11001111 280
11010110 1
11010111 10
11011010 3
11011011 92
11011110 50
11011111 46
11101111 7
11111011 3
11111110 1
11111111 46
3 L Z 83 lseq 8 nseqs 16 ncells 1446
00011111 17
01001111 17
01010111 3
01011111 61
01111111 24
10011111 3
10111111 4
11001111 2
11010111 212
11011011 1
11011101 5
11011111 167
11110111 110
11111011 19
11111101 1
11111111 800
4 R Z 83 lseq 8 nseqs 11 ncells 1523
00010011 1
00010100 1
00010101 1
00010110 574
00010111 922
00011110 4
00011111 1
00110110 1
11001110 1
11001111 16
11010110 1
5 L Z 83 lseq 8 nseqs 6 ncells 734
11010111 7
11011110 78
11011111 646
11111100 1
11111110 1
11111111 1
